427
427n
42700001
42700002
42700003
42700004
42700005
42700006
42700007
42700008
42700009
42700010
42700011
42700012
42700013
42700014
42700015
42700016
42700017
42700018
42700019
42700020
42700021
42700022
42700023
42700024
42700025
42700026
42700027
42700028
42700029
42700030
42700031
42700032
42700033
42700034
42700035
42700036
42700037
42700038
42700039
42700040
42700041
42700042
42700043
42700044
42700045
42700046
42700047
42700048
42700049
42700050
42700051
42700052
42700053
42700054
42700055
42700056
42700057
42700058
42700059
42700060
42700061
42700062
42700063
42700064
42700065
42700066
42700067
42700068
42700069
42700070
42700071
42700072
42700073
42700074
42700075
42700076
42700077
42700078
42700079
42700080
42700081
42700082
42700083
42700084
42700085
42700086
42700087
42700088
42700089
42700090
42700091
42700092
42700093
42700094
42700095
42700096
42700097
42700098
42700099
42700100
42700101
42700102
42700103
42700104
42700105
42700106
42700107
42700108
42700109
42700110
42700111
42700112
42700113
42700114
42700115
42700116
42700117
42700118
42700119
42700120
42700121
42700122
42700123
42700124
42700125
42700126
42700127
42700128
42700129
42700130
42700131
42700132
42700133
42700134
42700135
42700136
42700137
42700138
42700139
42700140
42700141
42700142
42700143
42700144
42700145
42700146
42700147
42700148
42700149
42700150
42700151
42700152
42700153
42700154
42700155
42700156
42700157
42700158
42700159
42700160
42700161
42700162
42700163
42700164
42700165
42700166
42700167
42700168
42700169
42700170
42700171
42700172
42700173
42700174
42700175
42700176
42700177
42700178
42700179
42700180
42700181
42700182
42700183
42700184
42700185
42700186
42700187
42700188
42700189
42700190
42700191
42700192
42700193
42700194
42700195
42700196
42700197
42700198
42700199
42700200
42700201
42700202
42700203
42700204
42700205
42700206
42700207
42700208
42700209
42700210
42700211
42700212
42700213
42700214
42700215
42700216
42700217
42700218
42700219
42700220
42700221
42700222
42700223
42700224
42700225
42700226
42700227
42700228
42700229
42700230
42700231
42700232
42700233
42700234
42700235
42700236
42700237
42700238
42700239
42700240
42700241
42700242
42700243
42700244
42700245
42700246
42700247
42700248
42700249
42700250
42700251
42700252
42700253
42700254
42700255
42700256
42700257
42700258
42700259
42700260
42700261
42700262
42700263
42700264
42700265
42700266
42700267
42700268
42700269
42700270
42700271
42700272
42700273
42700274
42700275
42700276
42700277
42700278
42700279
42700280
42700281
42700282
42700283
42700284
42700285
42700286
42700287
42700288
42700289
42700290
42700291
42700292
42700293
42700294
42700295
42700296
42700297
42700298
42700299
42700300
42700301
42700302
42700303
42700304
42700305
42700306
42700307
42700308
42700309
42700310
42700311
42700312
42700313
42700314
42700315
42700316
42700317
42700318
42700319
42700320
42700321
42700322
42700323
42700324
42700325
42700326
42700327
42700328
42700329
42700330
42700331
42700332
42700333
42700334
42700335
42700336
42700337
42700338
42700339
42700340
42700341
42700342
42700343
42700344
42700345
42700346
42700347
42700348
42700349
42700350
42700351
